12
ON398847.1 0.0000000 0.0585295 0.1330990 0.1343736 0.1191613 0.1319184 0.1306018 0.1281458 0.1305259 0.1271505 0.1262789 0.1304761 
KM204118.1 0.0585295 0.0000000 0.0916176 0.0857812 0.0689478 0.0904367 0.0828377 0.0874543 0.0869049 0.0868679 0.0771973 0.0780637 
KF479233.1 0.1330990 0.0916176 0.0000000 0.0352159 0.1336399 0.0278457 0.0373025 0.0384686 0.0770764 0.0836007 0.1326359 0.1336042 
KJ830750.1 0.1343736 0.0857812 0.0352159 0.0000000 0.1292290 0.0337439 0.0384147 0.0395839 0.0755444 0.0820045 0.1322821 0.1373795 
JX073928.1 0.1191613 0.0689478 0.1336399 0.1292290 0.0000000 0.1253642 0.1196659 0.1359407 0.1267088 0.1331498 0.0288593 0.0300875 
JQ955624.1 0.1319184 0.0904367 0.0278457 0.0337439 0.1253642 0.0000000 0.0403934 0.0462458 0.0779272 0.0867805 0.1244492 0.1222262 
JX475906.1 0.1306018 0.0828377 0.0373025 0.0384147 0.1196659 0.0403934 0.0000000 0.0393416 0.0688287 0.0678282 0.1188103 0.1265810 
JQ955623.1 0.1281458 0.0874543 0.0384686 0.0395839 0.1359407 0.0462458 0.0393416 0.0000000 0.0852032 0.0885170 0.1349368 0.1400006 
JX470186.1 0.1305259 0.0869049 0.0770764 0.0755444 0.1267088 0.0779272 0.0688287 0.0852032 0.0000000 0.0325864 0.1297626 0.1316258 
KR920365.1 0.1271505 0.0868679 0.0836007 0.0820045 0.1331498 0.0867805 0.0678282 0.0885170 0.0325864 0.0000000 0.1338268 0.1390930 
JX079694.1 0.1262789 0.0771973 0.1326359 0.1322821 0.0288593 0.1244492 0.1188103 0.1349368 0.1297626 0.1338268 0.0000000 0.0189575 
JX079690.1 0.1304761 0.0780637 0.1336042 0.1373795 0.0300875 0.1222262 0.1265810 0.1400006 0.1316258 0.1390930 0.0189575 0.0000000 
