9
ON398847.1 0.0000000 0.0477377 0.1070424 0.1134215 0.1033030 0.1068528 0.1110468 0.1035371 0.1094916 
KM204118.1 0.0477377 0.0000000 0.0962462 0.0927362 0.0881221 0.0889972 0.0875054 0.0846831 0.0887360 
KF479233.1 0.1070424 0.0962462 0.0000000 0.0290403 0.1377172 0.0798740 0.0800032 0.1462938 0.1456311 
KJ830750.1 0.1134215 0.0927362 0.0290403 0.0000000 0.1285908 0.0785607 0.0802024 0.1313915 0.1327484 
JX073928.1 0.1033030 0.0881221 0.1377172 0.1285908 0.0000000 0.1233720 0.1260944 0.0308044 0.0332899 
JX470186.1 0.1068528 0.0889972 0.0798740 0.0785607 0.1233720 0.0000000 0.0384942 0.1288466 0.1271934 
KR920365.1 0.1110468 0.0875054 0.0800032 0.0802024 0.1260944 0.0384942 0.0000000 0.1362879 0.1354685 
JX079694.1 0.1035371 0.0846831 0.1462938 0.1313915 0.0308044 0.1288466 0.1362879 0.0000000 0.0136052 
JX079690.1 0.1094916 0.0887360 0.1456311 0.1327484 0.0332899 0.1271934 0.1354685 0.0136052 0.0000000 
